NI = 8
O = 13
area, m2 = [1.0, 1.0, 1.0, 1.0, 1.0, 1.0, 1.0, 1.0]
height, m = [2.3, 2.3, 2.3, 2.3, 2.3, 2.3, 2.3, 2.3]
Connectivity Matrix M:
1.0,0.0,-1.0,0.0,0.0,0.0,0.0,0.0,0.0,0.0,0.0,0.0,1.0
0.0,1.0,0.0,-1.0,0.0,0.0,0.0,0.0,0.0,0.0,0.0,0.0,0.0
0.0,0.0,1.0,1.0,-1.0,-1.0,-1.0,0.0,0.0,0.0,0.0,0.0,0.0
0.0,0.0,0.0,0.0,1.0,0.0,0.0,-1.0,0.0,0.0,0.0,0.0,0.0
0.0,0.0,0.0,0.0,0.0,1.0,0.0,0.0,-1.0,0.0,0.0,0.0,0.0
0.0,0.0,0.0,0.0,0.0,0.0,1.0,0.0,0.0,-1.0,0.0,0.0,0.0
0.0,0.0,0.0,0.0,0.0,0.0,0.0,1.0,1.0,0.0,-1.0,-1.0,0.0
0.0,0.0,0.0,0.0,0.0,0.0,0.0,0.0,0.0,0.0,0.0,1.0,-1.0
Producer Nodes (Connection to Flows) =
-1.0,0.0,0.0,0.0,0.0,0.0,0.0,0.0,0.0,0.0,0.0,0.0,0.0
0.0,-1.0,0.0,0.0,0.0,0.0,0.0,0.0,0.0,0.0,0.0,0.0,0.0
Consumer Nodes (Connection to Flows) =
0.0,0.0,0.0,0.0,0.0,0.0,0.0,0.0,0.0,1.0,0.0,0.0,0.0
0.0,0.0,0.0,0.0,0.0,0.0,0.0,0.0,0.0,0.0,1.0,0.0,0.0
Algorithm WeightsFlow Rate Alpha (Optimization Weights) = [1.0, 1.0, 1.0, 1.0, 1.0, 1.0, 1.0, 1.0, 1.0, 1.5, 1.2, 1.0, 1.0]
Edge Weights = [1.0, 1.0, 1.2, 1.0, 1.0, 1.0, 1.0, 1.1, 1.2, 1.0, 1.0, 1.0, 1.2]
Tank Inventory Weights = [0.25862068965517243, 0.27272727272727276, 0.375, 0.3409090909090909, 0.3296703296703296, 0.6000000000000001, 0.5454545454545454, 0.19736842105263155]
MPC Parameters
Prediction Horizon, mins = 10
Control Horizon, mins = 3
Total Simulation Time, mins = 120
Penalty for Constraints = 10
Penalty Multiplier (Height Constraints, Fmin Constraints, Deltah Constraints) = [1.0, 0.5, 0.3]
Objective for MPC = 4
Model Constraints
fmin Constraint Binary = 1
deltah Constraint Binary = 1
deltah Constraint  = [0.207, 0.207, 0.207, 0.207, 0.207, 0.207, 0.207, 0.207]
hmax = [2.07, 2.07, 2.07, 2.07, 2.07, 2.07, 2.07, 2.07]
hmin = [0.22999999999999998, 0.22999999999999998, 0.22999999999999998, 0.22999999999999998, 0.22999999999999998, 0.22999999999999998, 0.22999999999999998, 0.22999999999999998]
fmin = [0.0, 0.0, 0.35, 0.0, 0.0, 0.0, 0.0, 0.0, 0.0, 0.0, 0.0, 0.0, 0.0]
Maximum Flow Constraint Vector
1.667,1.667,1.428,1.428,0.375,0.375,0.375,0.3,0.3,0.3,0.5,1.0,1.0
1.667,1.667,1.428,1.428,0.375,0.375,0.375,0.3,0.3,0.3,0.5,1.0,1.0
1.667,1.667,1.428,1.428,0.375,0.375,0.375,0.3,0.3,0.3,0.5,1.0,1.0
1.667,1.667,1.428,1.428,0.375,0.375,0.375,0.3,0.3,0.3,0.5,1.0,1.0
1.667,1.667,1.428,1.428,0.375,0.375,0.375,0.3,0.3,0.3,0.5,1.0,1.0
1.667,1.667,1.428,1.428,0.375,0.375,0.375,0.3,0.3,0.3,0.5,1.0,1.0
1.667,1.667,1.428,1.428,0.375,0.375,0.375,0.3,0.3,0.3,0.5,1.0,1.0
1.667,1.667,1.428,1.428,0.375,0.375,0.375,0.3,0.3,0.3,0.5,1.0,1.0
1.667,1.667,1.428,1.428,0.375,0.375,0.375,0.3,0.3,0.3,0.5,1.0,1.0
1.667,1.667,1.428,1.428,0.375,0.375,0.375,0.3,0.3,0.3,0.5,1.0,1.0
0.3,0.3,1.428,1.428,0.375,0.375,0.375,0.3,0.3,0.3,0.5,1.0,1.0
0.3,0.3,1.428,1.428,0.375,0.375,0.375,0.3,0.3,0.3,0.5,1.0,1.0
0.3,0.3,1.428,1.428,0.375,0.375,0.375,0.3,0.3,0.3,0.5,1.0,1.0
0.3,0.3,1.428,1.428,0.375,0.375,0.375,0.3,0.3,0.3,0.5,1.0,1.0
0.3,0.3,1.428,1.428,0.375,0.375,0.375,0.3,0.3,0.3,0.5,1.0,1.0
0.3,0.3,1.428,1.428,0.375,0.375,0.375,0.3,0.3,0.3,0.5,1.0,1.0
0.3,0.3,1.428,1.428,0.375,0.375,0.375,0.3,0.3,0.3,0.5,1.0,1.0
0.3,0.3,1.428,1.428,0.375,0.375,0.375,0.3,0.3,0.3,0.5,1.0,1.0
0.3,0.3,1.428,1.428,0.375,0.375,0.375,0.3,0.3,0.3,0.5,1.0,1.0
0.3,0.3,1.428,1.428,0.375,0.375,0.375,0.3,0.3,0.3,0.5,1.0,1.0
0.3,0.3,1.428,1.428,0.375,0.375,0.375,0.3,0.3,0.3,0.5,1.0,1.0
0.3,0.3,1.428,1.428,0.375,0.375,0.375,0.3,0.3,0.3,0.5,1.0,1.0
0.3,0.3,1.428,1.428,0.375,0.375,0.375,0.3,0.3,0.3,0.5,1.0,1.0
0.3,0.3,1.428,1.428,0.375,0.375,0.375,0.3,0.3,0.3,0.5,1.0,1.0
0.3,0.3,1.428,1.428,0.375,0.375,0.375,0.3,0.3,0.3,0.5,1.0,1.0
0.3,0.3,1.428,1.428,0.375,0.375,0.375,0.3,0.3,0.3,0.5,1.0,1.0
0.3,0.3,1.428,1.428,0.375,0.375,0.375,0.3,0.3,0.3,0.5,1.0,1.0
0.3,0.3,1.428,1.428,0.375,0.375,0.375,0.3,0.3,0.3,0.5,1.0,1.0
0.3,0.3,1.428,1.428,0.375,0.375,0.375,0.3,0.3,0.3,0.5,1.0,1.0
0.3,0.3,1.428,1.428,0.375,0.375,0.375,0.3,0.3,0.3,0.5,1.0,1.0
0.3,0.3,1.428,1.428,0.375,0.375,0.375,0.3,0.3,0.3,0.5,1.0,1.0
0.3,0.3,1.428,1.428,0.375,0.375,0.375,0.3,0.3,0.3,0.5,1.0,1.0
0.3,0.3,1.428,1.428,0.375,0.375,0.375,0.3,0.3,0.3,0.5,1.0,1.0
0.3,0.3,1.428,1.428,0.375,0.375,0.375,0.3,0.3,0.3,0.5,1.0,1.0
0.3,0.3,1.428,1.428,0.375,0.375,0.375,0.3,0.3,0.3,0.5,1.0,1.0
0.3,0.3,1.428,1.428,0.375,0.375,0.375,0.3,0.3,0.3,0.5,1.0,1.0
0.3,0.3,1.428,1.428,0.375,0.375,0.375,0.3,0.3,0.3,0.5,1.0,1.0
0.3,0.3,1.428,1.428,0.375,0.375,0.375,0.3,0.3,0.3,0.5,1.0,1.0
0.3,0.3,1.428,1.428,0.375,0.375,0.375,0.3,0.3,0.3,0.5,1.0,1.0
0.3,0.3,1.428,1.428,0.375,0.375,0.375,0.3,0.3,0.3,0.5,1.0,1.0
0.3,0.3,1.428,1.428,0.375,0.375,0.375,0.3,0.3,0.3,0.5,1.0,1.0
0.3,0.3,1.428,1.428,0.375,0.375,0.375,0.3,0.3,0.3,0.5,1.0,1.0
0.3,0.3,1.428,1.428,0.375,0.375,0.375,0.3,0.3,0.3,0.5,1.0,1.0
0.3,0.3,1.428,1.428,0.375,0.375,0.375,0.3,0.3,0.3,0.5,1.0,1.0
0.3,0.3,1.428,1.428,0.375,0.375,0.375,0.3,0.3,0.3,0.5,1.0,1.0
0.3,0.3,1.428,1.428,0.375,0.375,0.375,0.3,0.3,0.3,0.5,1.0,1.0
0.3,0.3,1.428,1.428,0.375,0.375,0.375,0.3,0.3,0.3,0.5,1.0,1.0
0.3,0.3,1.428,1.428,0.375,0.375,0.375,0.3,0.3,0.3,0.5,1.0,1.0
0.3,0.3,1.428,1.428,0.375,0.375,0.375,0.3,0.3,0.3,0.5,1.0,1.0
0.3,0.3,1.428,1.428,0.375,0.375,0.375,0.3,0.3,0.3,0.5,1.0,1.0
0.3,0.3,1.428,1.428,0.375,0.375,0.375,0.3,0.3,0.3,0.5,1.0,1.0
0.3,0.3,1.428,1.428,0.375,0.375,0.375,0.3,0.3,0.3,0.5,1.0,1.0
0.3,0.3,1.428,1.428,0.375,0.375,0.375,0.3,0.3,0.3,0.5,1.0,1.0
0.3,0.3,1.428,1.428,0.375,0.375,0.375,0.3,0.3,0.3,0.5,1.0,1.0
0.3,0.3,1.428,1.428,0.375,0.375,0.375,0.3,0.3,0.3,0.5,1.0,1.0
0.3,0.3,1.428,1.428,0.375,0.375,0.375,0.3,0.3,0.3,0.5,1.0,1.0
0.3,0.3,1.428,1.428,0.375,0.375,0.375,0.3,0.3,0.3,0.5,1.0,1.0
0.3,0.3,1.428,1.428,0.375,0.375,0.375,0.3,0.3,0.3,0.5,1.0,1.0
0.3,0.3,1.428,1.428,0.375,0.375,0.375,0.3,0.3,0.3,0.5,1.0,1.0
0.3,0.3,1.428,1.428,0.375,0.375,0.375,0.3,0.3,0.3,0.5,1.0,1.0
0.3,0.3,1.428,1.428,0.375,0.375,0.375,0.3,0.3,0.3,0.5,1.0,1.0
0.3,0.3,1.428,1.428,0.375,0.375,0.375,0.3,0.3,0.3,0.5,1.0,1.0
0.3,0.3,1.428,1.428,0.375,0.375,0.375,0.3,0.3,0.3,0.5,1.0,1.0
0.3,0.3,1.428,1.428,0.375,0.375,0.375,0.3,0.3,0.3,0.5,1.0,1.0
0.3,0.3,1.428,1.428,0.375,0.375,0.375,0.3,0.3,0.3,0.5,1.0,1.0
0.3,0.3,1.428,1.428,0.375,0.375,0.375,0.3,0.3,0.3,0.5,1.0,1.0
0.3,0.3,1.428,1.428,0.375,0.375,0.375,0.3,0.3,0.3,0.5,1.0,1.0
0.3,0.3,1.428,1.428,0.375,0.375,0.375,0.3,0.3,0.3,0.5,1.0,1.0
0.3,0.3,1.428,1.428,0.375,0.375,0.375,0.3,0.3,0.3,0.5,1.0,1.0
0.3,0.3,1.428,1.428,0.375,0.375,0.375,0.3,0.3,0.3,0.5,1.0,1.0
0.3,0.3,1.428,1.428,0.375,0.375,0.375,0.3,0.3,0.3,0.5,1.0,1.0
0.3,0.3,1.428,1.428,0.375,0.375,0.375,0.3,0.3,0.3,0.5,1.0,1.0
0.3,0.3,1.428,1.428,0.375,0.375,0.375,0.3,0.3,0.3,0.5,1.0,1.0
0.3,0.3,1.428,1.428,0.375,0.375,0.375,0.3,0.3,0.3,0.5,1.0,1.0
0.3,0.3,1.428,1.428,0.375,0.375,0.375,0.3,0.3,0.3,0.5,1.0,1.0
0.3,0.3,1.428,1.428,0.375,0.375,0.375,0.3,0.3,0.3,0.5,1.0,1.0
0.3,0.3,1.428,1.428,0.375,0.375,0.375,0.3,0.3,0.3,0.5,1.0,1.0
0.3,0.3,1.428,1.428,0.375,0.375,0.375,0.3,0.3,0.3,0.5,1.0,1.0
0.3,0.3,1.428,1.428,0.375,0.375,0.375,0.3,0.3,0.3,0.5,1.0,1.0
0.3,0.3,1.428,1.428,0.375,0.375,0.375,0.3,0.3,0.3,0.5,1.0,1.0
0.3,0.3,1.428,1.428,0.375,0.375,0.375,0.3,0.3,0.3,0.5,1.0,1.0
0.3,0.3,1.428,1.428,0.375,0.375,0.375,0.3,0.3,0.3,0.5,1.0,1.0
0.3,0.3,1.428,1.428,0.375,0.375,0.375,0.3,0.3,0.3,0.5,1.0,1.0
0.3,0.3,1.428,1.428,0.375,0.375,0.375,0.3,0.3,0.3,0.5,1.0,1.0
0.3,0.3,1.428,1.428,0.375,0.375,0.375,0.3,0.3,0.3,0.5,1.0,1.0
0.3,0.3,1.428,1.428,0.375,0.375,0.375,0.3,0.3,0.3,0.5,1.0,1.0
0.3,0.3,1.428,1.428,0.375,0.375,0.375,0.3,0.3,0.3,0.5,1.0,1.0
0.3,0.3,1.428,1.428,0.375,0.375,0.375,0.3,0.3,0.3,0.5,1.0,1.0
0.3,0.3,1.428,1.428,0.375,0.375,0.375,0.3,0.3,0.3,0.5,1.0,1.0
0.3,0.3,1.428,1.428,0.375,0.375,0.375,0.3,0.3,0.3,0.5,1.0,1.0
0.3,0.3,1.428,1.428,0.375,0.375,0.375,0.3,0.3,0.3,0.5,1.0,1.0
0.3,0.3,1.428,1.428,0.375,0.375,0.375,0.3,0.3,0.3,0.5,1.0,1.0
0.3,0.3,1.428,1.428,0.375,0.375,0.375,0.3,0.3,0.3,0.5,1.0,1.0
0.3,0.3,1.428,1.428,0.375,0.375,0.375,0.3,0.3,0.3,0.5,1.0,1.0
0.3,0.3,1.428,1.428,0.375,0.375,0.375,0.3,0.3,0.3,0.5,1.0,1.0
0.3,0.3,1.428,1.428,0.375,0.375,0.375,0.3,0.3,0.3,0.5,1.0,1.0
0.3,0.3,1.428,1.428,0.375,0.375,0.375,0.3,0.3,0.3,0.5,1.0,1.0
0.3,0.3,1.428,1.428,0.375,0.375,0.375,0.3,0.3,0.3,0.5,1.0,1.0
0.3,0.3,1.428,1.428,0.375,0.375,0.375,0.3,0.3,0.3,0.5,1.0,1.0
0.3,0.3,1.428,1.428,0.375,0.375,0.375,0.3,0.3,0.3,0.5,1.0,1.0
1.667,1.667,1.428,1.428,0.375,0.375,0.375,0.3,0.3,0.3,0.5,1.0,1.0
1.667,1.667,1.428,1.428,0.375,0.375,0.375,0.3,0.3,0.3,0.5,1.0,1.0
1.667,1.667,1.428,1.428,0.375,0.375,0.375,0.3,0.3,0.3,0.5,1.0,1.0
1.667,1.667,1.428,1.428,0.375,0.375,0.375,0.3,0.3,0.3,0.5,1.0,1.0
1.667,1.667,1.428,1.428,0.375,0.375,0.375,0.3,0.3,0.3,0.5,1.0,1.0
1.667,1.667,1.428,1.428,0.375,0.375,0.375,0.3,0.3,0.3,0.5,1.0,1.0
1.667,1.667,1.428,1.428,0.375,0.375,0.375,0.3,0.3,0.3,0.5,1.0,1.0
1.667,1.667,1.428,1.428,0.375,0.375,0.375,0.3,0.3,0.3,0.5,1.0,1.0
1.667,1.667,1.428,1.428,0.375,0.375,0.375,0.3,0.3,0.3,0.5,1.0,1.0
1.667,1.667,1.428,1.428,0.375,0.375,0.375,0.3,0.3,0.3,0.5,1.0,1.0
1.667,1.667,1.428,1.428,0.375,0.375,0.375,0.3,0.3,0.3,0.5,1.0,1.0
1.667,1.667,1.428,1.428,0.375,0.375,0.375,0.3,0.3,0.3,0.5,1.0,1.0
1.667,1.667,1.428,1.428,0.375,0.375,0.375,0.3,0.3,0.3,0.5,1.0,1.0
1.667,1.667,1.428,1.428,0.375,0.375,0.375,0.3,0.3,0.3,0.5,1.0,1.0
1.667,1.667,1.428,1.428,0.375,0.375,0.375,0.3,0.3,0.3,0.5,1.0,1.0
1.667,1.667,1.428,1.428,0.375,0.375,0.375,0.3,0.3,0.3,0.5,1.0,1.0
1.667,1.667,1.428,1.428,0.375,0.375,0.375,0.3,0.3,0.3,0.5,1.0,1.0
1.667,1.667,1.428,1.428,0.375,0.375,0.375,0.3,0.3,0.3,0.5,1.0,1.0
1.667,1.667,1.428,1.428,0.375,0.375,0.375,0.3,0.3,0.3,0.5,1.0,1.0
1.667,1.667,1.428,1.428,0.375,0.375,0.375,0.3,0.3,0.3,0.5,1.0,1.0
Height Disturbance Vector
0.0,0.0,0.0,0.0,0.0,0.0,0.0,0.0
0.0,0.0,0.0,0.0,0.0,0.0,0.0,0.0
0.0,0.0,0.0,0.0,0.0,0.0,0.0,0.0
0.0,0.0,0.0,0.0,0.0,0.0,0.0,0.0
0.0,0.0,0.0,0.0,0.0,0.0,0.0,0.0
0.0,0.0,0.0,0.0,0.0,0.0,0.0,0.0
0.0,0.0,0.0,0.0,0.0,0.0,0.0,0.0
0.0,0.0,0.0,0.0,0.0,0.0,0.0,0.0
0.0,0.0,0.0,0.0,0.0,0.0,0.0,0.0
0.0,0.0,0.0,0.0,0.0,0.0,0.0,0.0
0.0,0.0,0.0,0.0,0.0,0.0,0.0,0.0
0.0,0.0,0.0,0.0,0.0,0.0,0.0,0.0
0.0,0.0,0.0,0.0,0.0,0.0,0.0,0.0
0.0,0.0,0.0,0.0,0.0,0.0,0.0,0.0
0.0,0.0,0.0,0.0,0.0,0.0,0.0,0.0
0.0,0.0,0.0,0.0,0.0,0.0,0.0,0.0
0.0,0.0,0.0,0.0,0.0,0.0,0.0,0.0
0.0,0.0,0.0,0.0,0.0,0.0,0.0,0.0
0.0,0.0,0.0,0.0,0.0,0.0,0.0,0.0
0.0,0.0,0.0,0.0,0.0,0.0,0.0,0.0
0.0,0.0,0.0,0.0,0.0,0.0,0.0,0.0
0.0,0.0,0.0,0.0,0.0,0.0,0.0,0.0
0.0,0.0,0.0,0.0,0.0,0.0,0.0,0.0
0.0,0.0,0.0,0.0,0.0,0.0,0.0,0.0
0.0,0.0,0.0,0.0,0.0,0.0,0.0,0.0
0.0,0.0,0.0,0.0,0.0,0.0,0.0,0.0
0.0,0.0,0.0,0.0,0.0,0.0,0.0,0.0
0.0,0.0,0.0,0.0,0.0,0.0,0.0,0.0
0.0,0.0,0.0,0.0,0.0,0.0,0.0,0.0
0.0,0.0,0.0,0.0,0.0,0.0,0.0,0.0
0.0,0.0,0.0,0.0,0.0,0.0,0.0,0.0
0.0,0.0,0.0,0.0,0.0,0.0,0.0,0.0
0.0,0.0,0.0,0.0,0.0,0.0,0.0,0.0
0.0,0.0,0.0,0.0,0.0,0.0,0.0,0.0
0.0,0.0,0.0,0.0,0.0,0.0,0.0,0.0
0.0,0.0,0.0,0.0,0.0,0.0,0.0,0.0
0.0,0.0,0.0,0.0,0.0,0.0,0.0,0.0
0.0,0.0,0.0,0.0,0.0,0.0,0.0,0.0
0.0,0.0,0.0,0.0,0.0,0.0,0.0,0.0
0.0,0.0,0.0,0.0,0.0,0.0,0.0,0.0
0.0,0.0,0.0,0.0,0.0,0.0,0.0,0.0
0.0,0.0,0.0,0.0,0.0,0.0,0.0,0.0
0.0,0.0,0.0,0.0,0.0,0.0,0.0,0.0
0.0,0.0,0.0,0.0,0.0,0.0,0.0,0.0
0.0,0.0,0.0,0.0,0.0,0.0,0.0,0.0
0.0,0.0,0.0,0.0,0.0,0.0,0.0,0.0
0.0,0.0,0.0,0.0,0.0,0.0,0.0,0.0
0.0,0.0,0.0,0.0,0.0,0.0,0.0,0.0
0.0,0.0,0.0,0.0,0.0,0.0,0.0,0.0
0.0,0.0,0.0,0.0,0.0,0.0,0.0,0.0
0.0,0.0,0.0,0.0,0.0,0.0,0.0,0.0
0.0,0.0,0.0,0.0,0.0,0.0,0.0,0.0
0.0,0.0,0.0,0.0,0.0,0.0,0.0,0.0
0.0,0.0,0.0,0.0,0.0,0.0,0.0,0.0
0.0,0.0,0.0,0.0,0.0,0.0,0.0,0.0
0.0,0.0,0.0,0.0,0.0,0.0,0.0,0.0
0.0,0.0,0.0,0.0,0.0,0.0,0.0,0.0
0.0,0.0,0.0,0.0,0.0,0.0,0.0,0.0
0.0,0.0,0.0,0.0,0.0,0.0,0.0,0.0
0.0,0.0,0.0,0.0,0.0,0.0,0.0,0.0
0.0,0.0,0.0,0.0,0.0,0.0,0.0,0.0
0.0,0.0,0.0,0.0,0.0,0.0,0.0,0.0
0.0,0.0,0.0,0.0,0.0,0.0,0.0,0.0
0.0,0.0,0.0,0.0,0.0,0.0,0.0,0.0
0.0,0.0,0.0,0.0,0.0,0.0,0.0,0.0
0.0,0.0,0.0,0.0,0.0,0.0,0.0,0.0
0.0,0.0,0.0,0.0,0.0,0.0,0.0,0.0
0.0,0.0,0.0,0.0,0.0,0.0,0.0,0.0
0.0,0.0,0.0,0.0,0.0,0.0,0.0,0.0
0.0,0.0,0.0,0.0,0.0,0.0,0.0,0.0
0.0,0.0,0.0,0.0,0.0,0.0,0.0,0.0
0.0,0.0,0.0,0.0,0.0,0.0,0.0,0.0
0.0,0.0,0.0,0.0,0.0,0.0,0.0,0.0
0.0,0.0,0.0,0.0,0.0,0.0,0.0,0.0
0.0,0.0,0.0,0.0,0.0,0.0,0.0,0.0
0.0,0.0,0.0,0.0,0.0,0.0,0.0,0.0
0.0,0.0,0.0,0.0,0.0,0.0,0.0,0.0
0.0,0.0,0.0,0.0,0.0,0.0,0.0,0.0
0.0,0.0,0.0,0.0,0.0,0.0,0.0,0.0
0.0,0.0,0.0,0.0,0.0,0.0,0.0,0.0
0.0,0.0,0.0,0.0,0.0,0.0,0.0,0.0
0.0,0.0,0.0,0.0,0.0,0.0,0.0,0.0
0.0,0.0,0.0,0.0,0.0,0.0,0.0,0.0
0.0,0.0,0.0,0.0,0.0,0.0,0.0,0.0
0.0,0.0,0.0,0.0,0.0,0.0,0.0,0.0
0.0,0.0,0.0,0.0,0.0,0.0,0.0,0.0
0.0,0.0,0.0,0.0,0.0,0.0,0.0,0.0
0.0,0.0,0.0,0.0,0.0,0.0,0.0,0.0
0.0,0.0,0.0,0.0,0.0,0.0,0.0,0.0
0.0,0.0,0.0,0.0,0.0,0.0,0.0,0.0
0.0,0.0,0.0,0.0,0.0,0.0,0.0,0.0
0.0,0.0,0.0,0.0,0.0,0.0,0.0,0.0
0.0,0.0,0.0,0.0,0.0,0.0,0.0,0.0
0.0,0.0,0.0,0.0,0.0,0.0,0.0,0.0
0.0,0.0,0.0,0.0,0.0,0.0,0.0,0.0
0.0,0.0,0.0,0.0,0.0,0.0,0.0,0.0
0.0,0.0,0.0,0.0,0.0,0.0,0.0,0.0
0.0,0.0,0.0,0.0,0.0,0.0,0.0,0.0
0.0,0.0,0.0,0.0,0.0,0.0,0.0,0.0
0.0,0.0,0.0,0.0,0.0,0.0,0.0,0.0
0.0,0.0,0.0,0.0,0.0,0.0,0.0,0.0
0.0,0.0,0.0,0.0,0.0,0.0,0.0,0.0
0.0,0.0,0.0,0.0,0.0,0.0,0.0,0.0
0.0,0.0,0.0,0.0,0.0,0.0,0.0,0.0
0.0,0.0,0.0,0.0,0.0,0.0,0.0,0.0
0.0,0.0,0.0,0.0,0.0,0.0,0.0,0.0
0.0,0.0,0.0,0.0,0.0,0.0,0.0,0.0
0.0,0.0,0.0,0.0,0.0,0.0,0.0,0.0
0.0,0.0,0.0,0.0,0.0,0.0,0.0,0.0
0.0,0.0,0.0,0.0,0.0,0.0,0.0,0.0
0.0,0.0,0.0,0.0,0.0,0.0,0.0,0.0
0.0,0.0,0.0,0.0,0.0,0.0,0.0,0.0
0.0,0.0,0.0,0.0,0.0,0.0,0.0,0.0
0.0,0.0,0.0,0.0,0.0,0.0,0.0,0.0
0.0,0.0,0.0,0.0,0.0,0.0,0.0,0.0
0.0,0.0,0.0,0.0,0.0,0.0,0.0,0.0
0.0,0.0,0.0,0.0,0.0,0.0,0.0,0.0
0.0,0.0,0.0,0.0,0.0,0.0,0.0,0.0
0.0,0.0,0.0,0.0,0.0,0.0,0.0,0.0
0.0,0.0,0.0,0.0,0.0,0.0,0.0,0.0
Initial Conditions
Initial Flow at f0 = [0.4, 0.4, 0.4, 0.4, 0.25, 0.25, 0.3, 0.25, 0.25, 0.3, 0.5, 0.0, 0.0]
