NI = 4
O = 6
area, m2 = [1.0, 1.5, 2.0, 2.0]
height, m = [2.3, 2.8, 3.2, 3.2]
Connectivity Matrix M:
1,-1,0,0,0,0
0,1,-1,0,-1,0
0,0,1,-1,0,0
0,0,0,0,1,-1
Producer Nodes (Connection to Flows) =
-1,0,0,0,0,0
Consumer Nodes (Connection to Flows) =
0,0,0,1,0,0
0,0,0,0,0,1
Algorithm WeightsFlow Rate Alpha (Optimization Weights) = [1.0, 1.0, 1.0, 1.5, 1.0, 1.2]
Edge Weights = [1.0, 1.0, 1.0, 1.0, 1.0, 1.0]
Tank Inventory Weights = [0.27272727272727276, 0.375, 0.6000000000000001, 0.5454545454545454]
MPC Parameters
Prediction Horizon, mins = 10
Control Horizon, mins = 3
Total Simulation Time, mins = 80
Penalty for Constraints = 10
Penalty Multiplier (Height Constraints, Fmin Constraints, Deltah Constraints) = [1.0, 0.5, 0.3]
Objective for MPC = 1
Model Constraints
fmin Constraint Binary = 0
deltah Constraint Binary = 0
deltah Constraint  = [0, 0, 0, 0]
hmax = [2.07, 2.52, 2.8800000000000003, 2.8800000000000003]
hmin = [0.22999999999999998, 0.27999999999999997, 0.32000000000000006, 0.32000000000000006]
fmin = [0.25, 0.25, 0.25, 0.25, 0.25, 0.25]
Maximum Flow Constraint Vector
1.667,1.428,0.5625,0.5,0.5625,0.5
1.667,1.428,0.5625,0.5,0.5625,0.5
1.667,1.428,0.5625,0.5,0.5625,0.5
1.667,1.428,0.5625,0.5,0.5625,0.5
1.667,1.428,0.5625,0.5,0.5625,0.5
1.667,1.428,0.5625,0.5,0.5625,0.5
1.667,1.428,0.5625,0.5,0.5625,0.5
1.667,1.428,0.5625,0.5,0.5625,0.5
1.667,1.428,0.5625,0.5,0.5625,0.5
1.667,1.428,0.5625,0.5,0.5625,0.5
0.5,1.428,0.5625,0.5,0.5625,0.5
0.5,1.428,0.5625,0.5,0.5625,0.5
0.5,1.428,0.5625,0.5,0.5625,0.5
0.5,1.428,0.5625,0.5,0.5625,0.5
0.5,1.428,0.5625,0.5,0.5625,0.5
0.5,1.428,0.5625,0.5,0.5625,0.5
0.5,1.428,0.5625,0.5,0.5625,0.5
0.5,1.428,0.5625,0.5,0.5625,0.5
0.5,1.428,0.5625,0.5,0.5625,0.5
0.5,1.428,0.5625,0.5,0.5625,0.5
0.5,1.428,0.5625,0.5,0.5625,0.5
0.5,1.428,0.5625,0.5,0.5625,0.5
0.5,1.428,0.5625,0.5,0.5625,0.5
0.5,1.428,0.5625,0.5,0.5625,0.5
0.5,1.428,0.5625,0.5,0.5625,0.5
0.5,1.428,0.5625,0.5,0.5625,0.5
0.5,1.428,0.5625,0.5,0.5625,0.5
0.5,1.428,0.5625,0.5,0.5625,0.5
0.5,1.428,0.5625,0.5,0.5625,0.5
0.5,1.428,0.5625,0.5,0.5625,0.5
0.5,1.428,0.5625,0.5,0.5625,0.5
0.5,1.428,0.5625,0.5,0.5625,0.5
0.5,1.428,0.5625,0.5,0.5625,0.5
0.5,1.428,0.5625,0.5,0.5625,0.5
0.5,1.428,0.5625,0.5,0.5625,0.5
0.5,1.428,0.5625,0.5,0.5625,0.5
0.5,1.428,0.5625,0.5,0.5625,0.5
0.5,1.428,0.5625,0.5,0.5625,0.5
0.5,1.428,0.5625,0.5,0.5625,0.5
0.5,1.428,0.5625,0.5,0.5625,0.5
0.5,1.428,0.5625,0.5,0.5625,0.5
0.5,1.428,0.5625,0.5,0.5625,0.5
0.5,1.428,0.5625,0.5,0.5625,0.5
0.5,1.428,0.5625,0.5,0.5625,0.5
0.5,1.428,0.5625,0.5,0.5625,0.5
0.5,1.428,0.5625,0.5,0.5625,0.5
0.5,1.428,0.5625,0.5,0.5625,0.5
0.5,1.428,0.5625,0.5,0.5625,0.5
0.5,1.428,0.5625,0.5,0.5625,0.5
0.5,1.428,0.5625,0.5,0.5625,0.5
0.5,1.428,0.5625,0.5,0.5625,0.5
0.5,1.428,0.5625,0.5,0.5625,0.5
0.5,1.428,0.5625,0.5,0.5625,0.5
0.5,1.428,0.5625,0.5,0.5625,0.5
0.5,1.428,0.5625,0.5,0.5625,0.5
0.5,1.428,0.5625,0.5,0.5625,0.5
0.5,1.428,0.5625,0.5,0.5625,0.5
0.5,1.428,0.5625,0.5,0.5625,0.5
0.5,1.428,0.5625,0.5,0.5625,0.5
0.5,1.428,0.5625,0.5,0.5625,0.5
1.667,1.428,0.5625,0.5,0.5625,0.5
1.667,1.428,0.5625,0.5,0.5625,0.5
1.667,1.428,0.5625,0.5,0.5625,0.5
1.667,1.428,0.5625,0.5,0.5625,0.5
1.667,1.428,0.5625,0.5,0.5625,0.5
1.667,1.428,0.5625,0.5,0.5625,0.5
1.667,1.428,0.5625,0.5,0.5625,0.5
1.667,1.428,0.5625,0.5,0.5625,0.5
1.667,1.428,0.5625,0.5,0.5625,0.5
1.667,1.428,0.5625,0.5,0.5625,0.5
1.667,1.428,0.5625,0.5,0.5625,0.5
1.667,1.428,0.5625,0.5,0.5625,0.5
1.667,1.428,0.5625,0.5,0.5625,0.5
1.667,1.428,0.5625,0.5,0.5625,0.5
1.667,1.428,0.5625,0.5,0.5625,0.5
1.667,1.428,0.5625,0.5,0.5625,0.5
1.667,1.428,0.5625,0.5,0.5625,0.5
1.667,1.428,0.5625,0.5,0.5625,0.5
1.667,1.428,0.5625,0.5,0.5625,0.5
1.667,1.428,0.5625,0.5,0.5625,0.5
Height Disturbance Vector
0.0,0.0,0.0,0.0
0.0,0.0,0.0,0.0
0.0,0.0,0.0,0.0
0.0,0.0,0.0,0.0
0.0,0.0,0.0,0.0
0.0,0.0,0.0,0.0
0.0,0.0,0.0,0.0
0.0,0.0,0.0,0.0
0.0,0.0,0.0,0.0
0.0,0.0,0.0,0.0
0.0,0.0,0.0,0.0
0.0,0.0,0.0,0.0
0.0,0.0,0.0,0.0
0.0,0.0,0.0,0.0
0.0,0.0,0.0,0.0
0.0,0.0,0.0,0.0
0.0,0.0,0.0,0.0
0.0,0.0,0.0,0.0
0.0,0.0,0.0,0.0
0.0,0.0,0.0,0.0
0.0,0.0,0.0,0.0
0.0,0.0,0.0,0.0
0.0,0.0,0.0,0.0
0.0,0.0,0.0,0.0
0.0,0.0,0.0,0.0
0.0,0.0,0.0,0.0
0.0,0.0,0.0,0.0
0.0,0.0,0.0,0.0
0.0,0.0,0.0,0.0
0.0,0.0,0.0,0.0
0.0,0.0,0.0,0.0
0.0,0.0,0.0,0.0
0.0,0.0,0.0,0.0
0.0,0.0,0.0,0.0
0.0,0.0,0.0,0.0
0.0,0.0,0.0,0.0
0.0,0.0,0.0,0.0
0.0,0.0,0.0,0.0
0.0,0.0,0.0,0.0
0.0,0.0,0.0,0.0
0.0,0.0,0.0,0.0
0.0,0.0,0.0,0.0
0.0,0.0,0.0,0.0
0.0,0.0,0.0,0.0
0.0,0.0,0.0,0.0
0.0,0.0,0.0,0.0
0.0,0.0,0.0,0.0
0.0,0.0,0.0,0.0
0.0,0.0,0.0,0.0
0.0,0.0,0.0,0.0
0.0,0.0,0.0,0.0
0.0,0.0,0.0,0.0
0.0,0.0,0.0,0.0
0.0,0.0,0.0,0.0
0.0,0.0,0.0,0.0
0.0,0.0,0.0,0.0
0.0,0.0,0.0,0.0
0.0,0.0,0.0,0.0
0.0,0.0,0.0,0.0
0.0,0.0,0.0,0.0
0.0,0.0,0.0,0.0
0.0,0.0,0.0,0.0
0.0,0.0,0.0,0.0
0.0,0.0,0.0,0.0
0.0,0.0,0.0,0.0
0.0,0.0,0.0,0.0
0.0,0.0,0.0,0.0
0.0,0.0,0.0,0.0
0.0,0.0,0.0,0.0
0.0,0.0,0.0,0.0
0.0,0.0,0.0,0.0
0.0,0.0,0.0,0.0
0.0,0.0,0.0,0.0
0.0,0.0,0.0,0.0
0.0,0.0,0.0,0.0
0.0,0.0,0.0,0.0
0.0,0.0,0.0,0.0
0.0,0.0,0.0,0.0
0.0,0.0,0.0,0.0
0.0,0.0,0.0,0.0
Initial Conditions
Initial Flow at f0 = [1.0, 1.0, 0.5, 0.5, 0.5, 0.5]
