NI = 5
O = 8
area, m2 = [2.0, 1.0, 1.0, 1.0, 2.0]
height, m = [3.2, 2.3, 2.3, 2.3, 3.2]
Connectivity Matrix M:
1,-1,-1,-1,0,0,0,0
0,1,0,0,-1,0,0,0
0,0,1,0,0,-1,0,0
0,0,0,1,0,0,-1,0
0,0,0,0,1,1,1,-1
Producer Nodes (Connection to Flows) =
-1,0,0,0,0,0,0,0
Consumer Nodes (Connection to Flows) =
0,0,0,0,0,0,0,1
Algorithm WeightsFlow Rate Alpha (Optimization Weights) = [1.0, 1.0, 1.0, 1.0, 1.0, 1.0, 1.0, 1.5]
Edge Weights = [1.0, 1.0, 1.0, 1.0, 1.1, 1.2, 1.3, 1.0]
Tank Inventory Weights = [0.26548672566371684, 0.3614457831325301, 0.3488372093023256, 0.3370786516853933, 0.6000000000000001]
MPC Parameters
Prediction Horizon, mins = 10
Control Horizon, mins = 3
Total Simulation Time, mins = 80
Penalty for Constraints = 10
Penalty Multiplier (Height Constraints, Fmin Constraints, Deltah Constraints) = [1.0, 0.5, 0.3]
Objective for MPC = 5
Model Constraints
fmin Constraint Binary = 0
deltah Constraint Binary = 0
deltah Constraint  = [0, 0, 0, 0, 0]
hmax = [2.8800000000000003, 2.07, 2.07, 2.07, 2.8800000000000003]
hmin = [0.32000000000000006, 0.22999999999999998, 0.22999999999999998, 0.22999999999999998, 0.32000000000000006]
fmin = [0, 0, 0, 0, 0, 0, 0, 0]
Maximum Flow Constraint Vector
1.428,0.375,0.375,0.375,0.3,0.3,0.3,0.75
1.428,0.375,0.375,0.375,0.3,0.3,0.3,0.75
1.428,0.375,0.375,0.375,0.3,0.3,0.3,0.75
1.428,0.375,0.375,0.375,0.3,0.3,0.3,0.75
1.428,0.375,0.375,0.375,0.3,0.3,0.3,0.75
1.428,0.375,0.375,0.375,0.3,0.3,0.3,0.75
1.428,0.375,0.375,0.375,0.3,0.3,0.3,0.75
1.428,0.375,0.375,0.375,0.3,0.3,0.3,0.75
1.428,0.375,0.375,0.375,0.3,0.3,0.3,0.75
1.428,0.375,0.375,0.375,0.3,0.3,0.3,0.75
0.5,0.375,0.375,0.375,0.3,0.3,0.3,0.75
0.5,0.375,0.375,0.375,0.3,0.3,0.3,0.75
0.5,0.375,0.375,0.375,0.3,0.3,0.3,0.75
0.5,0.375,0.375,0.375,0.3,0.3,0.3,0.75
0.5,0.375,0.375,0.375,0.3,0.3,0.3,0.75
0.5,0.375,0.375,0.375,0.3,0.3,0.3,0.75
0.5,0.375,0.375,0.375,0.3,0.3,0.3,0.75
0.5,0.375,0.375,0.375,0.3,0.3,0.3,0.75
0.5,0.375,0.375,0.375,0.3,0.3,0.3,0.75
0.5,0.375,0.375,0.375,0.3,0.3,0.3,0.75
0.5,0.375,0.375,0.375,0.3,0.3,0.3,0.75
0.5,0.375,0.375,0.375,0.3,0.3,0.3,0.75
0.5,0.375,0.375,0.375,0.3,0.3,0.3,0.75
0.5,0.375,0.375,0.375,0.3,0.3,0.3,0.75
0.5,0.375,0.375,0.375,0.3,0.3,0.3,0.75
0.5,0.375,0.375,0.375,0.3,0.3,0.3,0.75
0.5,0.375,0.375,0.375,0.3,0.3,0.3,0.75
0.5,0.375,0.375,0.375,0.3,0.3,0.3,0.75
0.5,0.375,0.375,0.375,0.3,0.3,0.3,0.75
0.5,0.375,0.375,0.375,0.3,0.3,0.3,0.75
0.5,0.375,0.375,0.375,0.3,0.3,0.3,0.75
0.5,0.375,0.375,0.375,0.3,0.3,0.3,0.75
0.5,0.375,0.375,0.375,0.3,0.3,0.3,0.75
0.5,0.375,0.375,0.375,0.3,0.3,0.3,0.75
0.5,0.375,0.375,0.375,0.3,0.3,0.3,0.75
0.5,0.375,0.375,0.375,0.3,0.3,0.3,0.75
0.5,0.375,0.375,0.375,0.3,0.3,0.3,0.75
0.5,0.375,0.375,0.375,0.3,0.3,0.3,0.75
0.5,0.375,0.375,0.375,0.3,0.3,0.3,0.75
0.5,0.375,0.375,0.375,0.3,0.3,0.3,0.75
0.5,0.375,0.375,0.375,0.3,0.3,0.3,0.75
0.5,0.375,0.375,0.375,0.3,0.3,0.3,0.75
0.5,0.375,0.375,0.375,0.3,0.3,0.3,0.75
0.5,0.375,0.375,0.375,0.3,0.3,0.3,0.75
0.5,0.375,0.375,0.375,0.3,0.3,0.3,0.75
0.5,0.375,0.375,0.375,0.3,0.3,0.3,0.75
0.5,0.375,0.375,0.375,0.3,0.3,0.3,0.75
0.5,0.375,0.375,0.375,0.3,0.3,0.3,0.75
0.5,0.375,0.375,0.375,0.3,0.3,0.3,0.75
0.5,0.375,0.375,0.375,0.3,0.3,0.3,0.75
0.5,0.375,0.375,0.375,0.3,0.3,0.3,0.75
0.5,0.375,0.375,0.375,0.3,0.3,0.3,0.75
0.5,0.375,0.375,0.375,0.3,0.3,0.3,0.75
0.5,0.375,0.375,0.375,0.3,0.3,0.3,0.75
0.5,0.375,0.375,0.375,0.3,0.3,0.3,0.75
0.5,0.375,0.375,0.375,0.3,0.3,0.3,0.75
0.5,0.375,0.375,0.375,0.3,0.3,0.3,0.75
0.5,0.375,0.375,0.375,0.3,0.3,0.3,0.75
0.5,0.375,0.375,0.375,0.3,0.3,0.3,0.75
0.5,0.375,0.375,0.375,0.3,0.3,0.3,0.75
1.428,0.375,0.375,0.375,0.3,0.3,0.3,0.75
1.428,0.375,0.375,0.375,0.3,0.3,0.3,0.75
1.428,0.375,0.375,0.375,0.3,0.3,0.3,0.75
1.428,0.375,0.375,0.375,0.3,0.3,0.3,0.75
1.428,0.375,0.375,0.375,0.3,0.3,0.3,0.75
1.428,0.375,0.375,0.375,0.3,0.3,0.3,0.75
1.428,0.375,0.375,0.375,0.3,0.3,0.3,0.75
1.428,0.375,0.375,0.375,0.3,0.3,0.3,0.75
1.428,0.375,0.375,0.375,0.3,0.3,0.3,0.75
1.428,0.375,0.375,0.375,0.3,0.3,0.3,0.75
1.428,0.375,0.375,0.375,0.3,0.3,0.3,0.75
1.428,0.375,0.375,0.375,0.3,0.3,0.3,0.75
1.428,0.375,0.375,0.375,0.3,0.3,0.3,0.75
1.428,0.375,0.375,0.375,0.3,0.3,0.3,0.75
1.428,0.375,0.375,0.375,0.3,0.3,0.3,0.75
1.428,0.375,0.375,0.375,0.3,0.3,0.3,0.75
1.428,0.375,0.375,0.375,0.3,0.3,0.3,0.75
1.428,0.375,0.375,0.375,0.3,0.3,0.3,0.75
1.428,0.375,0.375,0.375,0.3,0.3,0.3,0.75
1.428,0.375,0.375,0.375,0.3,0.3,0.3,0.75
Height Disturbance Vector
0.0,0.0,0.0,0.0,0.0
0.0,0.0,0.0,0.0,0.0
0.0,0.0,0.0,0.0,0.0
0.0,0.0,0.0,0.0,0.0
0.0,0.0,0.0,0.0,0.0
0.0,0.0,0.0,0.0,0.0
0.0,0.0,0.0,0.0,0.0
0.0,0.0,0.0,0.0,0.0
0.0,0.0,0.0,0.0,0.0
0.0,0.0,0.0,0.0,0.0
0.0,0.0,0.0,0.0,0.0
0.0,0.0,0.0,0.0,0.0
0.0,0.0,0.0,0.0,0.0
0.0,0.0,0.0,0.0,0.0
0.0,0.0,0.0,0.0,0.0
0.0,0.0,0.0,0.0,0.0
0.0,0.0,0.0,0.0,0.0
0.0,0.0,0.0,0.0,0.0
0.0,0.0,0.0,0.0,0.0
0.0,0.0,0.0,0.0,0.0
0.0,0.0,0.0,0.0,0.0
0.0,0.0,0.0,0.0,0.0
0.0,0.0,0.0,0.0,0.0
0.0,0.0,0.0,0.0,0.0
0.0,0.0,0.0,0.0,0.0
0.0,0.0,0.0,0.0,0.0
0.0,0.0,0.0,0.0,0.0
0.0,0.0,0.0,0.0,0.0
0.0,0.0,0.0,0.0,0.0
0.0,0.0,0.0,0.0,0.0
0.0,0.0,0.0,0.0,0.0
0.0,0.0,0.0,0.0,0.0
0.0,0.0,0.0,0.0,0.0
0.0,0.0,0.0,0.0,0.0
0.0,0.0,0.0,0.0,0.0
0.0,0.0,0.0,0.0,0.0
0.0,0.0,0.0,0.0,0.0
0.0,0.0,0.0,0.0,0.0
0.0,0.0,0.0,0.0,0.0
0.0,0.0,0.0,0.0,0.0
0.0,0.0,0.0,0.0,0.0
0.0,0.0,0.0,0.0,0.0
0.0,0.0,0.0,0.0,0.0
0.0,0.0,0.0,0.0,0.0
0.0,0.0,0.0,0.0,0.0
0.0,0.0,0.0,0.0,0.0
0.0,0.0,0.0,0.0,0.0
0.0,0.0,0.0,0.0,0.0
0.0,0.0,0.0,0.0,0.0
0.0,0.0,0.0,0.0,0.0
0.0,0.0,0.0,0.0,0.0
0.0,0.0,0.0,0.0,0.0
0.0,0.0,0.0,0.0,0.0
0.0,0.0,0.0,0.0,0.0
0.0,0.0,0.0,0.0,0.0
0.0,0.0,0.0,0.0,0.0
0.0,0.0,0.0,0.0,0.0
0.0,0.0,0.0,0.0,0.0
0.0,0.0,0.0,0.0,0.0
0.0,0.0,0.0,0.0,0.0
0.0,0.0,0.0,0.0,0.0
0.0,0.0,0.0,0.0,0.0
0.0,0.0,0.0,0.0,0.0
0.0,0.0,0.0,0.0,0.0
0.0,0.0,0.0,0.0,0.0
0.0,0.0,0.0,0.0,0.0
0.0,0.0,0.0,0.0,0.0
0.0,0.0,0.0,0.0,0.0
0.0,0.0,0.0,0.0,0.0
0.0,0.0,0.0,0.0,0.0
0.0,0.0,0.0,0.0,0.0
0.0,0.0,0.0,0.0,0.0
0.0,0.0,0.0,0.0,0.0
0.0,0.0,0.0,0.0,0.0
0.0,0.0,0.0,0.0,0.0
0.0,0.0,0.0,0.0,0.0
0.0,0.0,0.0,0.0,0.0
0.0,0.0,0.0,0.0,0.0
0.0,0.0,0.0,0.0,0.0
0.0,0.0,0.0,0.0,0.0
Initial Conditions
Initial Flow at f0 = [0.75, 0.25, 0.25, 0.25, 0.25, 0.25, 0.25, 0.75]
