NI = 7
O = 10
area, m2 = [2.0, 2.0, 5.0, 0.1, 2.0, 0.1, 2.0]
height, m = [5.0, 5.0, 6.0, 0.1, 4.0, 0.1, 4.0]
Connectivity Matrix M:
1,0,-1,0,0,0,0,0,0,0
0,1,0,-1,0,0,0,0,0,0
0,0,1,1,-1,0,0,0,0,1
0,0,0,0,1,-1,0,0,0,0
0,0,0,0,0,1,-1,0,0,0
0,0,0,0,0,0,1,-1,-1,0
0,0,0,0,0,0,0,0,1,-1
Producer Nodes (Connection to Flows) =
-1.0,0.0,0.0,0.0,0.0,0.0,0.0,0.0,0.0,0.0
0.0,-1.0,0.0,0.0,0.0,0.0,0.0,0.0,0.0,0.0
Consumer Nodes (Connection to Flows) =
0,0,0,0,0,0,0,1,0,0
Algorithm WeightsFlow Rate Alpha (Optimization Weights) = [1.0, 1.0, 1.0, 1.0, 1.0, 1.0, 1.0, 1.5, 1.0, 1.0]
Edge Weights = [1.0, 1.0, 1.2, 1.0, 1.0, 1.0, 1.0, 1.0, 1.0, 1.8]
Tank Inventory Weights = [0.17045454545454544, 0.1764705882352941, 0.21428571428571427, 0.27272727272727276, 0.375, 0.6000000000000001, 0.15463917525773196]
MPC Parameters
Prediction Horizon, mins = 10
Control Horizon, mins = 3
Total Simulation Time, mins = 80
Penalty for Constraints = 1000
Penalty Multiplier (Height Constraints, Fmin Constraints, Deltah Constraints) = [1.0, 0.5, 0.3]
Objective for MPC = 7
Model Constraints
fmin Constraint Binary = 0
deltah Constraint Binary = 0
deltah Constraint  = [0, 0, 0, 0, 0, 0, 0]
hmax = [4.5, 4.5, 5.4, 0.09000000000000001, 3.6, 0.09000000000000001, 3.6]
hmin = [0.5, 0.5, 0.6000000000000001, 0.010000000000000002, 0.4, 0.010000000000000002, 0.4]
fmin = [0, 0, 0, 0, 0, 0, 0, 0, 0, 0]
Maximum Flow Constraint Vector
1.8,25.0,1.8,25.0,45.0,40.5,40.5,20.0,16.2,20.0
1.8,25.0,1.8,25.0,45.0,40.5,40.5,20.0,16.2,20.0
1.8,25.0,1.8,25.0,45.0,40.5,40.5,20.0,16.2,20.0
1.8,25.0,1.8,25.0,45.0,40.5,40.5,20.0,16.2,20.0
1.8,25.0,1.8,25.0,45.0,40.5,40.5,20.0,16.2,20.0
1.8,25.0,1.8,25.0,45.0,40.5,40.5,20.0,16.2,20.0
1.8,25.0,1.8,25.0,45.0,40.5,40.5,20.0,16.2,20.0
1.8,25.0,1.8,25.0,45.0,40.5,40.5,20.0,16.2,20.0
1.8,25.0,1.8,25.0,45.0,40.5,40.5,20.0,16.2,20.0
1.8,25.0,1.8,25.0,45.0,40.5,40.5,20.0,16.2,20.0
1.8,20.0,1.8,25.0,45.0,40.5,40.5,20.0,16.2,20.0
1.8,20.0,1.8,25.0,45.0,40.5,40.5,20.0,16.2,20.0
1.8,20.0,1.8,25.0,45.0,40.5,40.5,20.0,16.2,20.0
1.8,20.0,1.8,25.0,45.0,40.5,40.5,20.0,16.2,20.0
1.8,20.0,1.8,25.0,45.0,40.5,40.5,20.0,16.2,20.0
1.8,20.0,1.8,25.0,45.0,40.5,40.5,20.0,16.2,20.0
1.8,20.0,1.8,25.0,45.0,40.5,40.5,20.0,16.2,20.0
1.8,20.0,1.8,25.0,45.0,40.5,40.5,20.0,16.2,20.0
1.8,20.0,1.8,25.0,45.0,40.5,40.5,20.0,16.2,20.0
1.8,20.0,1.8,25.0,45.0,40.5,40.5,20.0,16.2,20.0
1.8,20.0,1.8,25.0,45.0,40.5,40.5,20.0,16.2,20.0
1.8,20.0,1.8,25.0,45.0,40.5,40.5,20.0,16.2,20.0
1.8,20.0,1.8,25.0,45.0,40.5,40.5,20.0,16.2,20.0
1.8,20.0,1.8,25.0,45.0,40.5,40.5,20.0,16.2,20.0
1.8,20.0,1.8,25.0,45.0,40.5,40.5,20.0,16.2,20.0
1.8,20.0,1.8,25.0,45.0,40.5,40.5,20.0,16.2,20.0
1.8,20.0,1.8,25.0,45.0,40.5,40.5,20.0,16.2,20.0
1.8,20.0,1.8,25.0,45.0,40.5,40.5,20.0,16.2,20.0
1.8,20.0,1.8,25.0,45.0,40.5,40.5,20.0,16.2,20.0
1.8,20.0,1.8,25.0,45.0,40.5,40.5,20.0,16.2,20.0
1.8,20.0,1.8,25.0,45.0,40.5,40.5,20.0,16.2,20.0
1.8,20.0,1.8,25.0,45.0,40.5,40.5,20.0,16.2,20.0
1.8,20.0,1.8,25.0,45.0,40.5,40.5,20.0,16.2,20.0
1.8,20.0,1.8,25.0,45.0,40.5,40.5,20.0,16.2,20.0
1.8,20.0,1.8,25.0,45.0,40.5,40.5,20.0,16.2,20.0
1.8,20.0,1.8,25.0,45.0,40.5,40.5,20.0,16.2,20.0
1.8,20.0,1.8,25.0,45.0,40.5,40.5,20.0,16.2,20.0
1.8,20.0,1.8,25.0,45.0,40.5,40.5,20.0,16.2,20.0
1.8,20.0,1.8,25.0,45.0,40.5,40.5,20.0,16.2,20.0
1.8,20.0,1.8,25.0,45.0,40.5,40.5,20.0,16.2,20.0
1.8,20.0,1.8,25.0,45.0,40.5,40.5,20.0,16.2,20.0
1.8,20.0,1.8,25.0,45.0,40.5,40.5,20.0,16.2,20.0
1.8,20.0,1.8,25.0,45.0,40.5,40.5,20.0,16.2,20.0
1.8,20.0,1.8,25.0,45.0,40.5,40.5,20.0,16.2,20.0
1.8,20.0,1.8,25.0,45.0,40.5,40.5,20.0,16.2,20.0
1.8,20.0,1.8,25.0,45.0,40.5,40.5,20.0,16.2,20.0
1.8,20.0,1.8,25.0,45.0,40.5,40.5,20.0,16.2,20.0
1.8,20.0,1.8,25.0,45.0,40.5,40.5,20.0,16.2,20.0
1.8,20.0,1.8,25.0,45.0,40.5,40.5,20.0,16.2,20.0
1.8,20.0,1.8,25.0,45.0,40.5,40.5,20.0,16.2,20.0
1.8,20.0,1.8,25.0,45.0,40.5,40.5,20.0,16.2,20.0
1.8,20.0,1.8,25.0,45.0,40.5,40.5,20.0,16.2,20.0
1.8,20.0,1.8,25.0,45.0,40.5,40.5,20.0,16.2,20.0
1.8,20.0,1.8,25.0,45.0,40.5,40.5,20.0,16.2,20.0
1.8,20.0,1.8,25.0,45.0,40.5,40.5,20.0,16.2,20.0
1.8,20.0,1.8,25.0,45.0,40.5,40.5,20.0,16.2,20.0
1.8,20.0,1.8,25.0,45.0,40.5,40.5,20.0,16.2,20.0
1.8,20.0,1.8,25.0,45.0,40.5,40.5,20.0,16.2,20.0
1.8,20.0,1.8,25.0,45.0,40.5,40.5,20.0,16.2,20.0
1.8,20.0,1.8,25.0,45.0,40.5,40.5,20.0,16.2,20.0
1.8,25.0,1.8,25.0,45.0,40.5,40.5,20.0,16.2,20.0
1.8,25.0,1.8,25.0,45.0,40.5,40.5,20.0,16.2,20.0
1.8,25.0,1.8,25.0,45.0,40.5,40.5,20.0,16.2,20.0
1.8,25.0,1.8,25.0,45.0,40.5,40.5,20.0,16.2,20.0
1.8,25.0,1.8,25.0,45.0,40.5,40.5,20.0,16.2,20.0
1.8,25.0,1.8,25.0,45.0,40.5,40.5,20.0,16.2,20.0
1.8,25.0,1.8,25.0,45.0,40.5,40.5,20.0,16.2,20.0
1.8,25.0,1.8,25.0,45.0,40.5,40.5,20.0,16.2,20.0
1.8,25.0,1.8,25.0,45.0,40.5,40.5,20.0,16.2,20.0
1.8,25.0,1.8,25.0,45.0,40.5,40.5,20.0,16.2,20.0
1.8,25.0,1.8,25.0,45.0,40.5,40.5,20.0,16.2,20.0
1.8,25.0,1.8,25.0,45.0,40.5,40.5,20.0,16.2,20.0
1.8,25.0,1.8,25.0,45.0,40.5,40.5,20.0,16.2,20.0
1.8,25.0,1.8,25.0,45.0,40.5,40.5,20.0,16.2,20.0
1.8,25.0,1.8,25.0,45.0,40.5,40.5,20.0,16.2,20.0
1.8,25.0,1.8,25.0,45.0,40.5,40.5,20.0,16.2,20.0
1.8,25.0,1.8,25.0,45.0,40.5,40.5,20.0,16.2,20.0
1.8,25.0,1.8,25.0,45.0,40.5,40.5,20.0,16.2,20.0
1.8,25.0,1.8,25.0,45.0,40.5,40.5,20.0,16.2,20.0
1.8,25.0,1.8,25.0,45.0,40.5,40.5,20.0,16.2,20.0
Height Disturbance Vector
0.0,0.0,0.0,0.0,0.0,0.0,0.0
0.0,0.0,0.0,0.0,0.0,0.0,0.0
0.0,0.0,0.0,0.0,0.0,0.0,0.0
0.0,0.0,0.0,0.0,0.0,0.0,0.0
0.0,0.0,0.0,0.0,0.0,0.0,0.0
0.0,0.0,0.0,0.0,0.0,0.0,0.0
0.0,0.0,0.0,0.0,0.0,0.0,0.0
0.0,0.0,0.0,0.0,0.0,0.0,0.0
0.0,0.0,0.0,0.0,0.0,0.0,0.0
0.0,0.0,0.0,0.0,0.0,0.0,0.0
0.0,0.0,0.0,0.0,0.0,0.0,0.0
0.0,0.0,0.0,0.0,0.0,0.0,0.0
0.0,0.0,0.0,0.0,0.0,0.0,0.0
0.0,0.0,0.0,0.0,0.0,0.0,0.0
0.0,0.0,0.0,0.0,0.0,0.0,0.0
0.0,0.0,0.0,0.0,0.0,0.0,0.0
0.0,0.0,0.0,0.0,0.0,0.0,0.0
0.0,0.0,0.0,0.0,0.0,0.0,0.0
0.0,0.0,0.0,0.0,0.0,0.0,0.0
0.0,0.0,0.0,0.0,0.0,0.0,0.0
0.0,0.0,0.0,0.0,0.0,0.0,0.0
0.0,0.0,0.0,0.0,0.0,0.0,0.0
0.0,0.0,0.0,0.0,0.0,0.0,0.0
0.0,0.0,0.0,0.0,0.0,0.0,0.0
0.0,0.0,0.0,0.0,0.0,0.0,0.0
0.0,0.0,0.0,0.0,0.0,0.0,0.0
0.0,0.0,0.0,0.0,0.0,0.0,0.0
0.0,0.0,0.0,0.0,0.0,0.0,0.0
0.0,0.0,0.0,0.0,0.0,0.0,0.0
0.0,0.0,0.0,0.0,0.0,0.0,0.0
0.0,0.0,0.0,0.0,0.0,0.0,0.0
0.0,0.0,0.0,0.0,0.0,0.0,0.0
0.0,0.0,0.0,0.0,0.0,0.0,0.0
0.0,0.0,0.0,0.0,0.0,0.0,0.0
0.0,0.0,0.0,0.0,0.0,0.0,0.0
0.0,0.0,0.0,0.0,0.0,0.0,0.0
0.0,0.0,0.0,0.0,0.0,0.0,0.0
0.0,0.0,0.0,0.0,0.0,0.0,0.0
0.0,0.0,0.0,0.0,0.0,0.0,0.0
0.0,0.0,0.0,0.0,0.0,0.0,0.0
0.0,0.0,0.0,0.0,0.0,0.0,0.0
0.0,0.0,0.0,0.0,0.0,0.0,0.0
0.0,0.0,0.0,0.0,0.0,0.0,0.0
0.0,0.0,0.0,0.0,0.0,0.0,0.0
0.0,0.0,0.0,0.0,0.0,0.0,0.0
0.0,0.0,0.0,0.0,0.0,0.0,0.0
0.0,0.0,0.0,0.0,0.0,0.0,0.0
0.0,0.0,0.0,0.0,0.0,0.0,0.0
0.0,0.0,0.0,0.0,0.0,0.0,0.0
0.0,0.0,0.0,0.0,0.0,0.0,0.0
0.0,0.0,0.0,0.0,0.0,0.0,0.0
0.0,0.0,0.0,0.0,0.0,0.0,0.0
0.0,0.0,0.0,0.0,0.0,0.0,0.0
0.0,0.0,0.0,0.0,0.0,0.0,0.0
0.0,0.0,0.0,0.0,0.0,0.0,0.0
0.0,0.0,0.0,0.0,0.0,0.0,0.0
0.0,0.0,0.0,0.0,0.0,0.0,0.0
0.0,0.0,0.0,0.0,0.0,0.0,0.0
0.0,0.0,0.0,0.0,0.0,0.0,0.0
0.0,0.0,0.0,0.0,0.0,0.0,0.0
0.0,0.0,0.0,0.0,0.0,0.0,0.0
0.0,0.0,0.0,0.0,0.0,0.0,0.0
0.0,0.0,0.0,0.0,0.0,0.0,0.0
0.0,0.0,0.0,0.0,0.0,0.0,0.0
0.0,0.0,0.0,0.0,0.0,0.0,0.0
0.0,0.0,0.0,0.0,0.0,0.0,0.0
0.0,0.0,0.0,0.0,0.0,0.0,0.0
0.0,0.0,0.0,0.0,0.0,0.0,0.0
0.0,0.0,0.0,0.0,0.0,0.0,0.0
0.0,0.0,0.0,0.0,0.0,0.0,0.0
0.0,0.0,0.0,0.0,0.0,0.0,0.0
0.0,0.0,0.0,0.0,0.0,0.0,0.0
0.0,0.0,0.0,0.0,0.0,0.0,0.0
0.0,0.0,0.0,0.0,0.0,0.0,0.0
0.0,0.0,0.0,0.0,0.0,0.0,0.0
0.0,0.0,0.0,0.0,0.0,0.0,0.0
0.0,0.0,0.0,0.0,0.0,0.0,0.0
0.0,0.0,0.0,0.0,0.0,0.0,0.0
0.0,0.0,0.0,0.0,0.0,0.0,0.0
0.0,0.0,0.0,0.0,0.0,0.0,0.0
Initial Conditions
Initial Flow at f0 = [1.8, 21.9, 1.8, 21.9, 37.033, 33.33, 33.33, 20.0, 13.33, 13.33]
